256
330
77
437
263
419
182
18
433
459
147
14
6
167
15
488
101
146
372
91
435
309
92
345
104
122
366
161
72
420
406
207
241
143
352
2
409
416
145
235
79
291
306
220
315
413
301
391
28
388
405
489
48
410
318
1
468
11
411
284
279
45
455
298
163
493
114
423
445
400
64
390
239
438
100
296
392
198
129
272
144
348
150
242
440
341
436
16
203
208
34
403
128
9
201
492
78
332
197
39
321
57
387
93
461
151
240
38
288
287
374
153
165
249
358
243
379
394
247
432
116
359
282
269
342
350
367
499
21
456
185
221
460
43
177
30
369
415
8
178
491
140
442
212
472
495
86
302
371
325
331
139
179
307
226
355
276
124
490
32
223
446
333
218
105
466
224
156
175
171
448
382
334
343
425
192
119
264
248
191
51
234
356
13
214
444
172
250
59
479
111
152
310
497
364
258
27
205
115
217
63
125
319
90
314
236
395
7
385
316
476
275
53
473
362
24
465
213
335
113
181
297
47
70
471
274
65
155
204
209
238
55
210
389
10
84
118
428
127
29
82
360
375
303
245
154
98
37
292
487
42
132
447
160
300
486
259
431
496
483
187
131
414
304
73
261
35
393
266
62
40
87
357
135
257
397
270
215
353
202
323
95
71
44
142
404
477
399
138
370
251
216
96
280
162
83
123
227
46
50
478
336
376
31
481
283
281
36
76
313
277
470
110
408
184
383
0
157
324
311
168
94
253
26
475
52
299
417
230
398
377
305
381
232
190
166
271
66
340
19
273
5
102
134
183
112
434
467
346
338
443
222
41
267
130
328
354
106
49
228
285
494
312
293
268
103
326
463
349
20
199
159
339
188
237
67
351
347
180
265
109
23
401
485
368
176
384
365
193
474
295
68
289
17
81
469
219
149
464
164
449
173
75
378
231
61
426
169
430
262
33
462
386
363
97
361
89
450
412
373
12
196
107
480
458
74
22
54
189
246
484
329
498
421
120
121
170
396
286
255
418
225
80
427
344
206
69
424
244
290
317
4
320
278
457
194
260
108
3
439
88
454
133
56
252
186
322
482
60
407
137
441
195
453
422
58
117
337
254
327
99
229
402
25
148
158
126
141
308
200
294
174
452
233
380
85
429
211
136
451
